t,count
1554847750,3
1554847760,8
1554847770,13
1554847780,18
1554847790,23
1554847800,28
1554847810,33
1554847820,38
1554847830,43
1554847840,48
1554847850,53
1554847860,58
1554847870,63
1554847880,68
1554847890,73
1554847900,78
1554847910,83
1554847920,88
